task,model,seed,step,split,observed,target,prediction,squared_error
narma10,cra_v2_1_online,42,0,train,1.0428062190218959,0.8543903333886226,0.999999678074687,0.021202081259905126
narma10,cra_v2_1_online,42,1,train,1.147859327641774,0.07502076487980669,0.9999999999999294,0.8555865854034073
narma10,cra_v2_1_online,42,2,train,0.5438621518181418,1.2484011203767338,0.9999999987431316,0.06170311722883162
narma10,cra_v2_1_online,42,3,train,-0.6986907300900278,0.5325701246825123,-0.9999999999999993,2.348771187069369
narma10,cra_v2_1_online,42,4,train,-0.09452579156840087,-0.041494121603943064,-0.6060858974747059,0.3187638733809017
narma10,cra_v2_1_online,42,5,train,-1.4120554601911424,-0.9150799485643465,-0.9999999999999998,0.007211415135834
narma10,cra_v2_1_online,42,6,train,-0.7473728796609743,-1.0532620704169553,-0.9999999999995003,0.002836848145153936
narma10,cra_v2_1_online,42,7,train,-0.9119272206606751,-0.7806381284576216,-1.0,0.048119630686574925
narma10,cra_v2_1_online,42,8,train,-0.7028286545194741,-1.02944170439236,-1.0,0.0008668139575271129
narma10,cra_v2_1_online,42,9,train,-1.1462439687817279,-0.9309763393643264,-1.0,0.004764265727548631
narma10,cra_v2_1_online,42,10,train,-1.102840045756677,-0.8301621769479665,-1.0,0.028844886139053855
narma10,cra_v2_1_online,42,11,train,-1.0371607113381809,-0.8745472677663165,-1.0,0.015738388024896285
narma10,cra_v2_1_online,42,12,train,-0.5495228643282698,-1.0148120532130627,-1.0,0.00021939692038660017
narma10,cra_v2_1_online,42,13,train,-0.8125959115470452,-1.0245766033127228,-1.0,0.0006040094303909384
narma10,cra_v2_1_online,42,14,train,0.8977049633643569,-1.2484952981576098,1.0,5.055731105836879
narma10,cra_v2_1_online,42,15,train,0.46378126840688316,-0.9668064572065934,1.0,3.868327640109552
narma10,cra_v2_1_online,42,16,train,-1.4687490117541773,-1.424583305379088,-1.0,0.18027098320663185
narma10,cra_v2_1_online,42,17,train,0.09015284530627002,-1.1332243914714217,0.9974439430936131,4.539747551918139
narma10,cra_v2_1_online,42,18,train,-1.4998418767906985,-1.529389269243033,-1.0,0.2802529983896726
narma10,cra_v2_1_online,42,19,train,-0.07827160246039905,-1.4364438859942372,-0.9601643908323855,0.22684215751162837
narma10,cra_v2_1_online,42,20,train,-0.9844828803716333,-1.5570387566508226,-1.0,0.31029217641109436
narma10,cra_v2_1_online,42,21,train,-1.408492094202355,-1.656909523942398,-1.0,0.4315301226462281
narma10,cra_v2_1_online,42,22,train,1.3518228322513135,-0.9765168865589104,1.0,3.906619002852529
narma10,cra_v2_1_online,42,23,train,1.164281523697584,0.7359003555770803,1.0,0.0697486221843126
narma10,cra_v2_1_online,42,24,train,-1.1119777947495126,-0.3774729109578922,-1.0,0.38753997659124034
narma10,cra_v2_1_online,42,25,train,-1.3795421516204613,-1.2145564334266266,-1.0,0.046034463124754434
narma10,cra_v2_1_online,42,26,train,0.06742436021721067,-0.6292293101898351,0.9936715946250909,2.633807346849106
narma10,cra_v2_1_online,42,27,train,-0.10129019747511049,-1.2308928663094483,-0.9864409859293957,0.05975672182134355
narma10,cra_v2_1_online,42,28,train,0.17032840678312797,-0.6674706160506684,0.9999404443373993,2.78025964430446
narma10,cra_v2_1_online,42,29,train,-0.3520907395994605,-1.0411703844031048,-0.9997121918988167,0.0017187817257226159
narma10,cra_v2_1_online,42,30,train,0.9382577532118899,-1.250693826507008,0.9999999999999984,5.065622700676751
narma10,cra_v2_1_online,42,31,train,-0.3063784315122764,-0.2845829892154463,-0.16135699707367374,0.01518464513932419
narma10,cra_v2_1_online,42,32,train,0.09174090200670572,0.4288922970148086,0.5364365079621434,0.011565757308284845
narma10,cra_v2_1_online,42,33,train,-0.597125251164773,-0.5885551859710411,-0.9999993613655901,0.16928630946610043
narma10,cra_v2_1_online,42,34,train,0.15333837553233648,-1.083633369464414,0.993176504532983,4.313139252733084
narma10,cra_v2_1_online,42,35,train,1.0998435525271149,0.0076109490238710125,0.49483867042132823,0.2373908524981582
narma10,cra_v2_1_online,42,36,train,1.3454895443670256,0.49175621974414513,0.9999999474405882,0.2583116867427762
narma10,cra_v2_1_online,42,37,train,-0.9052974622800907,-0.2949021175947272,-0.9999999996925537,0.4971630233388405
narma10,cra_v2_1_online,42,38,train,0.9611083259079052,0.0012680627239696166,0.9999999999999992,0.9974654825351311
narma10,cra_v2_1_online,42,39,train,0.3033547051388461,0.6630857912695981,0.9999987670190766,0.11351035322836871
narma10,cra_v2_1_online,42,40,train,-1.1306308547699457,-0.3586117235067511,-1.0,0.4113789212229803
narma10,cra_v2_1_online,42,41,train,1.4299757883730364,0.6375423330293527,1.0,0.13137556034580467
narma10,cra_v2_1_online,42,42,train,-1.502709259765241,-0.5096101106691994,-1.0,0.2404822435578749
narma10,cra_v2_1_online,42,43,train,-0.9005450080472629,-0.6875681400280896,-1.0,0.09761366712550741
narma10,cra_v2_1_online,42,44,train,-0.8372449995804035,-0.4862564620269196,-1.0,0.26393242280909784
narma10,cra_v2_1_online,42,45,train,1.526220758444879,1.8566652320978938,1.0,0.7338753198853383
narma10,cra_v2_1_online,42,46,train,-0.0325373707341211,0.457017240331374,-0.9718161917853191,2.0415649767343687
narma10,cra_v2_1_online,42,47,train,1.1432854005473123,1.6640757171313725,1.0,0.44099655808354665
narma10,cra_v2_1_online,42,48,train,1.3537847827807041,1.868640273108102,1.0,0.754535924065318
narma10,cra_v2_1_online,42,49,train,-1.2314246600260388,0.2388457265030029,-1.0,1.534738734074753
narma10,cra_v2_1_online,42,50,train,0.10432125228350382,1.0449417902687543,0.9996189333194887,0.002054161362043596
narma10,cra_v2_1_online,42,51,train,0.18409479182553057,-0.11622146193038815,0.9999999392394046,1.2459502164294551
narma10,cra_v2_1_online,42,52,train,1.0841846062911848,-0.15749023058776843,1.0,1.339783633906125
narma10,cra_v2_1_online,42,53,train,-1.2473897465015475,-0.7399816314203833,-0.9999999999971702,0.06760955199733377
narma10,cra_v2_1_online,42,54,train,-0.7629581131615045,-0.22714173937747614,-0.9999999999878502,0.5973098909936928
narma10,cra_v2_1_online,42,55,train,-0.05974710171929343,-0.0543495888682177,-0.878400006818943,0.679059091324765
narma10,cra_v2_1_online,42,56,train,-1.6258211741006454,-0.7583719815018034,-1.0,0.05838409932336484
narma10,cra_v2_1_online,42,57,train,-0.636105871496628,-0.210765665188172,-1.0,0.6228908352458686
narma10,cra_v2_1_online,42,58,train,0.6461495223648945,-0.6250508793776796,1.0,2.6407903605661693
narma10,cra_v2_1_online,42,59,train,-1.474404011032119,-1.0777825635971923,-1.0,0.0060501271997512596
narma10,cra_v2_1_online,42,60,train,-0.6829213617686919,-0.8507799578027562,-1.0,0.022266620993347228
narma10,cra_v2_1_online,42,61,train,-1.3266830572885195,-1.031266468710242,-1.0,0.00097759206560854
narma10,cra_v2_1_online,42,62,train,0.9877397911512232,-1.0730932113969556,1.0,4.297715463140142
narma10,cra_v2_1_online,42,63,train,-0.516335802599995,-1.1443889793841637,-0.9999999998616329,0.020848177407557827
narma10,cra_v2_1_online,42,64,train,1.4436056732413125,0.05091185913997333,1.0,0.9007682991211419
narma10,cra_v2_1_online,42,65,train,-1.6058055267807603,-0.9877821012246221,-1.0,0.0001492770504853816
narma10,cra_v2_1_online,42,66,train,1.3869346711727184,-0.45291682411816986,1.0,2.1109672978056286
narma10,cra_v2_1_online,42,67,train,1.6011666996366383,1.135749326210144,1.0,0.018427879566508064
narma10,cra_v2_1_online,42,68,train,-0.7975653355126024,-0.4174798527870657,-1.0,0.3393297219089787
narma10,cra_v2_1_online,42,69,train,0.8542497025690221,-0.379886605678482,1.0,1.9040870445308824
narma10,cra_v2_1_online,42,70,train,0.10203880219905852,-0.9387488415402331,0.9325672446083323,3.501823894278385
narma10,cra_v2_1_online,42,71,train,0.9369619317854101,0.7494050239554544,-0.9005375448922645,2.7223104804958096
narma10,cra_v2_1_online,42,72,train,0.1860917363231413,0.08772375733223092,0.9955862183510517,0.8242142481271498
narma10,cra_v2_1_online,42,73,train,-1.3829178241996376,-0.5645595963345494,-1.0,0.18960834514433053
narma10,cra_v2_1_online,42,74,train,-1.3645481032599265,-1.1763463954803182,-1.0,0.03109805119890078
narma10,cra_v2_1_online,42,75,train,-0.6363498650251358,-0.4779491488597852,-1.0,0.27253709117622277
narma10,cra_v2_1_online,42,76,train,1.167216838328016,1.721984741269315,1.0,0.5212619666257198
narma10,cra_v2_1_online,42,77,train,-0.39949892763861944,0.30163187989773077,-1.0,1.6942455507661003
narma10,cra_v2_1_online,42,78,train,-1.528656640431347,-0.6134642128070914,-1.0,0.14940991478084154
narma10,cra_v2_1_online,42,79,train,-0.8080109637226972,-0.7030380469778218,-1.0,0.08818640154274637
narma10,cra_v2_1_online,42,80,train,0.45192559505335084,0.483252676235717,0.9999999999999997,0.2670277966175484
narma10,cra_v2_1_online,42,81,train,-0.8834272999817266,-0.17876997247673956,-1.0,0.6744187581058552
narma10,cra_v2_1_online,42,82,train,-0.545865753078365,-0.87469578485845,-1.0,0.015701146332239846
narma10,cra_v2_1_online,42,83,train,1.4445289662741998,-0.9970174538834531,1.0,3.9880787111151497
narma10,cra_v2_1_online,42,84,train,1.2435152527633775,-0.4352287929457423,1.0,2.0598816881004924
narma10,cra_v2_1_online,42,85,train,0.26071764910389067,0.5921924680999588,0.999978495808006,0.16628944439390822
narma10,cra_v2_1_online,42,86,train,-0.0653048959898779,0.03992890968696725,-0.9491564747508814,0.9782898977085669
narma10,cra_v2_1_online,42,87,train,-0.7713665402692363,-0.8587080615455625,-0.9999995274030913,0.019963278324169234
narma10,cra_v2_1_online,42,88,train,0.48711802480058386,-0.7452174749417164,0.9999996181237298,3.0457827019278065
narma10,cra_v2_1_online,42,89,train,-1.2161440285158707,-0.9701293903195541,0.9889612808001291,3.8380362576681706
narma10,cra_v2_1_online,42,90,train,-1.0113556894884943,-1.2305853740602266,-0.9999999999999768,0.05316961473050533
narma10,cra_v2_1_online,42,91,train,0.5135442863770432,-0.7605022277773962,0.9999999996416851,3.099368092747546
narma10,cra_v2_1_online,42,92,train,-0.20847028432853112,0.09361103482865409,-0.6630472454803292,0.5725317531601479
narma10,cra_v2_1_online,42,93,train,0.37132361915243695,0.9207961951313474,-0.9999463902446558,3.689252079276893
narma10,cra_v2_1_online,42,94,train,0.4315303343804902,0.760456854892334,0.9297839045741034,0.028671649753932393
narma10,cra_v2_1_online,42,95,train,-0.32923208710663104,0.12339574620553022,-0.9969258220222934,1.25512041623645
narma10,cra_v2_1_online,42,96,train,-1.1377932830967106,-0.7122279714091324,0.9999999833066111,2.931724568910058
narma10,cra_v2_1_online,42,97,train,-0.06566611315813688,-0.18305000014810446,-0.5688020775414535,0.14880466521328437
narma10,cra_v2_1_online,42,98,train,-0.924558956524658,-0.9031205110736668,-0.9999999999996076,0.009385635374551504
narma10,cra_v2_1_online,42,99,train,0.13569021271674495,-0.9664274747341374,0.9946349699541799,3.84576591196692
narma10,cra_v2_1_online,42,100,train,-1.21478317403234,-1.0514015530917333,-0.9997977904846773,0.0026629483152053927
narma10,cra_v2_1_online,42,101,train,1.7603835886777957,0.1521303305564417,0.9999999999999977,0.7188829763623248
narma10,cra_v2_1_online,42,102,train,0.7292731741541846,0.6911561529918853,0.9999999997958617,0.09538452170867809
narma10,cra_v2_1_online,42,103,train,-1.0805356582365906,-0.16519864873546292,-1.0,0.6968932960730971
narma10,cra_v2_1_online,42,104,train,-0.3034136208077687,-0.4141597610131285,-0.9999999019094457,0.3432086706854168
narma10,cra_v2_1_online,42,105,train,-0.07861821486477381,-0.8550954752892772,-0.9900669262991973,0.018217292587723272
narma10,cra_v2_1_online,42,106,train,1.1375619440255849,0.059421129087009104,1.0,0.8846886124079567
narma10,cra_v2_1_online,42,107,train,-0.8005429640191271,-0.7069236436138032,-1.0,0.08589375067260903
narma10,cra_v2_1_online,42,108,train,0.8828219972060297,0.16182694684898036,1.0,0.702534067028502
narma10,cra_v2_1_online,42,109,train,-1.7213903400598995,-0.8708285164715132,-1.0,0.01668527215695015
narma10,cra_v2_1_online,42,110,train,1.612509662482741,2.131858328395646,1.0,1.281103275558586
narma10,cra_v2_1_online,42,111,train,1.6029920247264742,2.589326186062715,1.0,2.525957725704655
narma10,cra_v2_1_online,42,112,train,0.577485746757981,0.8848780588881556,1.0,0.013253061325358964
narma10,cra_v2_1_online,42,113,train,-1.039032872313369,-0.10743510019143962,-1.0,0.7966721003702654
narma10,cra_v2_1_online,42,114,train,-1.105236103525039,-0.5850299862816648,-1.0,0.1722001122853953
narma10,cra_v2_1_online,42,115,train,0.2637081430168347,0.5746921964096181,1.0,0.18088672779487486
narma10,cra_v2_1_online,42,116,train,-0.34732344729690956,-0.14416745981264484,-1.0,0.732449336843541
narma10,cra_v2_1_online,42,117,train,-1.7027547724950798,-0.8723185731408062,-1.0,0.01630254676479966
narma10,cra_v2_1_online,42,118,train,-1.558936824771101,-1.2589829838500073,-1.0,0.06707218592385314
narma10,cra_v2_1_online,42,119,train,-0.5163122714420821,-0.2598838985114117,-1.0,0.5477718436826663
narma10,cra_v2_1_online,42,120,train,-1.4908121388446942,-0.7303879498896515,-1.0,0.07269065756470507
narma10,cra_v2_1_online,42,121,train,-0.23592349763713838,-0.2133794446767775,-1.0,0.6187718980570149
narma10,cra_v2_1_online,42,122,train,0.6278030571405627,-0.55524944048408,1.0,2.4188008221260437
narma10,cra_v2_1_online,42,123,train,-1.3902371481479487,-1.1599682096082922,-1.0,0.0255898280852825
narma10,cra_v2_1_online,42,124,train,0.5941290248515886,-0.13219085366954725,1.0,1.2818561291329782
narma10,cra_v2_1_online,42,125,train,-0.818988074313912,-0.6629871774156427,-1.0,0.11357764258627548
narma10,cra_v2_1_online,42,126,train,0.7773800659207736,-1.2812322938341816,1.0,5.204020778431961
narma10,cra_v2_1_online,42,127,train,0.9304261463431613,-1.4588560479052357,1.0,6.045973064320155
narma10,cra_v2_1_online,42,128,train,1.5545169017799583,-0.48971562989035455,1.0,2.2192526579396157
narma10,cra_v2_1_online,42,129,train,1.7570217535616577,-0.9897476599159193,1.0,3.9590957501408766
narma10,cra_v2_1_online,42,130,train,-0.7995944066876439,-1.0560298030129718,-1.0,0.0031393388256724217
narma10,cra_v2_1_online,42,131,train,1.548920811711197,0.8044073947378636,1.0,0.03825646723322991
narma10,cra_v2_1_online,42,132,train,1.329242089192733,-0.34975524246223305,1.0,1.8218392145542814
narma10,cra_v2_1_online,42,133,train,0.8213088988094425,0.5987207101011602,1.0,0.16102506850171708
narma10,cra_v2_1_online,42,134,train,1.5705199100282357,0.1876411721957614,1.0,0.6599268651114766
narma10,cra_v2_1_online,42,135,train,1.6372754581680375,1.630445185057113,1.0,0.3974611313616973
narma10,cra_v2_1_online,42,136,train,-0.40190212504327016,0.885649706367388,-1.0,3.5556748151234165
narma10,cra_v2_1_online,42,137,train,-0.09023525936843242,1.137864069588141,-0.9928892374517009,4.540109655461222
narma10,cra_v2_1_online,42,138,train,0.32970104485973906,1.8579186806161458,0.999667539803998,0.7365950207053532
narma10,cra_v2_1_online,42,139,train,1.0618142717841519,0.908093448715958,1.0,0.008446814168926245
narma10,cra_v2_1_online,42,140,train,1.719252467652174,3.0745037190039564,1.0,4.303565680161246
narma10,cra_v2_1_online,42,141,train,-0.11720299889039715,2.4230424018795755,-0.9986487802439864,11.707970545822139
narma10,cra_v2_1_online,42,142,train,-0.30178212312370406,1.7378492119986002,-0.9992673082696939,7.491806845525615
narma10,cra_v2_1_online,42,143,train,1.272377239883678,3.2936558233985176,-0.9999924121165489,18.435415170341642
narma10,cra_v2_1_online,42,144,train,-1.0746370834089036,1.9466433400939909,-0.9999999999988158,8.682706973713293
narma10,cra_v2_1_online,42,145,train,1.68917227657552,1.9291183734836395,-0.9999998763022591,8.579733721228806
narma10,cra_v2_1_online,42,146,train,0.08464931767470453,1.460083494170354,0.8034260322636966,0.43119902227769324
narma10,cra_v2_1_online,42,147,train,-0.5849215425260736,1.0194679000136897,-0.9999999995944657,4.078250597547775
narma10,cra_v2_1_online,42,148,train,1.0516082732220855,2.3764175271022574,0.80554070866933,2.467653978689956
narma10,cra_v2_1_online,42,149,train,-0.3900341511224881,2.239069272857196,-0.9919088557654743,10.439219667638051
narma10,cra_v2_1_online,42,150,train,-1.1302153238632326,1.1070078295330028,0.9999999999642835,0.011450675589008088
narma10,cra_v2_1_online,42,151,train,1.2855918190396736,1.3907689550704243,-1.0,5.715776196528528
narma10,cra_v2_1_online,42,152,train,-0.40454933955509237,1.4313519567872,-0.4108421194096678,3.393679014374831
narma10,cra_v2_1_online,42,153,train,0.4941133781620647,0.693699975116734,-0.9999998907277116,2.868619235561493
narma10,cra_v2_1_online,42,154,train,0.27484996191734357,1.8274030969793453,0.29222353388375727,2.3567762909463603
narma10,cra_v2_1_online,42,155,train,-1.0842171001643328,0.7610800748480683,-0.9999995828395423,3.101401560721112
narma10,cra_v2_1_online,42,156,train,-0.24385026310045935,0.29764533657043146,0.9902844585449273,0.47974895328960054
narma10,cra_v2_1_online,42,157,train,-1.6028608653038041,-0.3849795877093661,1.0,1.9181684583716054
narma10,cra_v2_1_online,42,158,train,-0.661647231566819,-0.45884343013425694,-0.6276768493885828,0.028504723457106976
narma10,cra_v2_1_online,42,159,train,0.8266890107781915,-0.5139663017983822,0.9999844024115911,2.292046734777874
narma10,cra_v2_1_online,42,160,train,1.3355491549218117,1.717934016808811,-0.9999999999995386,7.387165319723971
narma10,cra_v2_1_online,42,161,train,1.466025430828142,1.3818015839130802,0.9999999982705898,0.14577245079911988
narma10,cra_v2_1_online,42,162,train,-0.20808238835532858,0.9541990858684044,-0.9914954980171063,3.7857274137614105
narma10,cra_v2_1_online,42,163,train,0.23458452477509067,0.888209162469228,-0.8177948867287765,2.910449815879987
narma10,cra_v2_1_online,42,164,train,1.711346578609309,0.34536650214287384,1.0,0.42854501651665605
narma10,cra_v2_1_online,42,165,train,-0.21852495566125543,0.04459639112925717,-0.9995239239157375,1.090187232289659
narma10,cra_v2_1_online,42,166,train,0.6734496001867979,-0.7011250621892273,0.6172346024263315,1.7380722052852489
narma10,cra_v2_1_online,42,167,train,0.17503951647918972,-0.5741934546670067,-0.9946825522348445,0.17681108117341462
narma10,cra_v2_1_online,42,168,train,1.1103025623676641,1.0475071025015834,-1.0,4.19228533479443
narma10,cra_v2_1_online,42,169,train,-1.0940366069948888,0.3019501795270819,0.9999550269077144,0.4872107669668601
narma10,cra_v2_1_online,42,170,train,1.1126637386863276,2.073955459937987,-0.9999999999397626,9.449202169312228
narma10,cra_v2_1_online,42,171,train,1.5766022993344,1.7747846840298072,0.9999999996495205,0.6002913071502605
narma10,cra_v2_1_online,42,172,train,-0.9838939475796382,0.5674698969032939,-0.9999999999876699,2.4569618776593685
narma10,cra_v2_1_online,42,173,train,-0.7768684505393152,0.481764020047809,0.9990063379168005,0.2675396153944869
narma10,cra_v2_1_online,42,174,train,0.9886957601216337,0.6777071704530733,-0.9999999991123176,2.8147013468111153
narma10,cra_v2_1_online,42,175,train,0.04471382002059785,0.8313103132406746,0.30802546501827366,0.2738270323791412
narma10,cra_v2_1_online,42,176,train,-0.7849052108500888,0.19103183668883725,-0.9999999977028333,1.4185568305343879
narma10,cra_v2_1_online,42,177,train,-0.6730087790388534,0.23748321116695703,0.9972715368097187,0.5772782997830312
narma10,cra_v2_1_online,42,178,train,1.8088881358830116,0.05235593087221933,-1.0,1.1074530052419351
narma10,cra_v2_1_online,42,179,train,0.02447259790365983,0.7553640324754942,0.17239726959542165,0.3398502466228707
narma10,cra_v2_1_online,42,180,train,-0.4139778476984242,0.939194005672697,-0.9999613160608636,3.7603233618075893
narma10,cra_v2_1_online,42,181,train,-0.43591421182018053,-0.0019813741233859496,0.9725853475570487,0.9497802950069498
narma10,cra_v2_1_online,42,182,train,-0.11266194937604951,-0.3466014522801905,-0.8835508872642712,0.28831469572972346
narma10,cra_v2_1_online,42,183,train,-0.9357094930065387,-0.3517822536740983,-0.9999999999999977,0.420186246651828
narma10,cra_v2_1_online,42,184,train,-1.5748867157165267,-0.9304637742334259,-1.0,0.00483528669385997
narma10,cra_v2_1_online,42,185,train,0.815076285667172,-0.6039367085301576,1.0,2.572612964970556
narma10,cra_v2_1_online,42,186,train,1.4018755267341372,-0.1959457832383793,0.9999999999999977,1.4302863164456547
narma10,cra_v2_1_online,42,187,train,0.3419794621930878,1.1958165018292113,-0.9614300848764554,4.65371283585325
narma10,cra_v2_1_online,42,188,train,-0.2631232734836966,0.4652820243665869,-0.9968517254663134,2.1378351024004183
narma10,cra_v2_1_online,42,189,train,0.18365494558697262,0.1032133119970086,-0.7842014614237273,0.787504980085376
narma10,cra_v2_1_online,42,190,train,1.4170915987199904,0.3787439644433794,0.9999999999999983,0.3859590617155271
narma10,cra_v2_1_online,42,191,train,-0.1917832056248369,0.027637040118606012,-0.9981728440259143,1.052285918408594
narma10,cra_v2_1_online,42,192,train,0.8659172925875812,-0.26811392045318433,0.191821966144731,0.2115410197806104
narma10,cra_v2_1_online,42,193,train,1.1714019648724014,-0.8907975279718011,-1.0,0.011925179897069559
narma10,cra_v2_1_online,42,194,train,-0.7363156415039579,-0.576452451480116,0.9999999999999986,2.4852023317776633
narma10,cra_v2_1_online,42,195,train,1.2263785128578861,1.5902903725834314,-0.9999984416945815,6.709596141373796
narma10,cra_v2_1_online,42,196,train,0.6318269360239885,1.383854075377838,0.9999996314128472,0.14734423415167236
narma10,cra_v2_1_online,42,197,train,1.734364783045807,1.3780091458782677,1.0,0.1428909143676175
narma10,cra_v2_1_online,42,198,train,-1.3232729015010878,0.09449066768819579,-1.0,1.1979098216565527
narma10,cra_v2_1_online,42,199,train,1.0810946667556587,1.8562942277286534,0.9999970926510666,0.7332447835420829
narma10,cra_v2_1_online,42,200,train,0.41920079000857696,1.1264784159207202,0.9999283755018815,0.016014912730009698
narma10,cra_v2_1_online,42,201,train,0.3457763129434057,1.3965407309463609,0.9999931539185234,0.1572499808466487
narma10,cra_v2_1_online,42,202,train,-1.6495012300052658,0.02837401065312997,-1.0,1.057553105786804
narma10,cra_v2_1_online,42,203,train,-1.2024633788775592,-0.586039067437033,-0.9999992558564323,0.17136303759622457
narma10,cra_v2_1_online,42,204,train,1.118870130637574,1.4588808502633976,0.999999999996884,0.21057163474131846
narma10,cra_v2_1_online,42,205,train,-1.1386822420040534,0.475594221048954,-1.0,2.177378305193069
narma10,cra_v2_1_online,42,206,train,-0.4272024139704155,0.8619188121554574,-0.050933208506524295,0.833298811626663
narma10,cra_v2_1_online,42,207,train,1.2775503593497786,0.06996399257325629,-1.0,1.1448229454033032
narma10,cra_v2_1_online,42,208,train,-1.1173164823906268,-0.21870740700268554,-0.1519858389177931,0.004451767647706936
narma10,cra_v2_1_online,42,209,train,0.9646503234373754,0.8429277599564636,0.999985579888794,0.02466715880189631
narma10,cra_v2_1_online,42,210,train,-0.4170724465043576,0.4502676699265606,-0.9999193789743701,2.1030424767999905
narma10,cra_v2_1_online,42,211,train,0.31288241357622276,-0.5284801296007986,-0.9508105061863492,0.178362946986893
narma10,cra_v2_1_online,42,212,train,-0.6790531270888835,-0.936559485969356,0.9999998019911005,3.7502618757859105
narma10,cra_v2_1_online,42,213,train,-1.6147989197722528,-1.220778662183807,-0.9999999950560015,0.04874321985873038
narma10,cra_v2_1_online,42,214,train,-1.2316852157379925,-1.3768819865744013,-0.9999999999997893,0.14204003180442604
narma10,cra_v2_1_online,42,215,train,-1.0367137383906873,-1.3039702706255762,-0.9999999999999998,0.09239792542418619
narma10,cra_v2_1_online,42,216,train,-0.5411004729200739,-0.4925706206898503,-0.9999999999905778,0.2574845749775215
narma10,cra_v2_1_online,42,217,train,0.018468173653679924,-0.8840027774110292,0.504592224096809,1.9281960782125536
narma10,cra_v2_1_online,42,218,train,-0.6463084731091587,-0.5247588258641693,-0.9999996542543644,0.22585384496899888
narma10,cra_v2_1_online,42,219,train,-1.0111157380773366,-0.9562934339880359,-0.9999999999999997,0.0019102639125581462
narma10,cra_v2_1_online,42,220,train,0.4737314717982676,-0.11316725265289958,0.999999999737543,1.2391413317944873
narma10,cra_v2_1_online,42,221,train,1.4126200895669208,-0.10785692412497537,0.9999999110405374,1.227346767222946
narma10,cra_v2_1_online,42,222,train,-0.04235011797167582,-1.0259818238872036,0.46901208299055247,2.2350067816016166
narma10,cra_v2_1_online,42,223,train,0.8001569916278904,-1.1155603336115192,0.9998643314800948,4.475021513677966
narma10,cra_v2_1_online,42,224,train,0.592880960596983,-1.0492833057839943,-0.999998690294407,0.0024289733239564676
narma10,cra_v2_1_online,42,225,train,1.662594959583242,-0.29214335599980723,-1.0,0.5010610284552156
narma10,cra_v2_1_online,42,226,train,-1.494777544747715,-1.0201332051276466,1.0,4.080938166459299
narma10,cra_v2_1_online,42,227,train,-0.1596248102499484,-0.9687826639512365,0.7399818529029207,2.919876174059821
narma10,cra_v2_1_online,42,228,train,-1.4020876032225147,-1.38429096440274,-0.9999999999999958,0.14767954532159117
narma10,cra_v2_1_online,42,229,train,1.333239189416831,0.36586233052417505,1.0,0.4021305838482306
narma10,cra_v2_1_online,42,230,train,-0.8916386607342398,-0.06386708857575991,-1.0,0.876344827851624
narma10,cra_v2_1_online,42,231,train,-0.7376554247496361,-0.5419698969881643,-1.0,0.20979157526503278
narma10,cra_v2_1_online,42,232,train,-0.3803923876084153,-0.24382704238087874,-0.999999999997387,0.5717975418304976
narma10,cra_v2_1_online,42,233,train,1.100094048000618,0.8465909854855133,1.0,0.023534325734306003
narma10,cra_v2_1_online,42,234,train,-1.2428887892460034,-0.08889924294565438,-1.0,0.8301045895050019
narma10,cra_v2_1_online,42,235,train,1.6924627362789357,-0.7558805955158627,1.0,3.0831166657091407
narma10,cra_v2_1_online,42,236,train,-0.1543634140520069,-0.5732877585936419,-0.9999681854228235,0.18205618663913262
narma10,cra_v2_1_online,42,237,train,1.0525337727452613,-0.9489847978781257,1.0,3.798541742360038
narma10,cra_v2_1_online,42,238,train,-1.5992801885317638,-1.2766437895641336,-1.0,0.07653178630440463
narma10,cra_v2_1_online,42,239,train,0.8149666137712888,-0.9096102549859744,1.0,3.646611325947598
narma10,cra_v2_1_online,42,240,train,-0.4393392227435559,-1.0103883160193357,-0.9999287775419358,0.00010940194516020877
narma10,cra_v2_1_online,42,241,train,-0.9331022629373539,-1.1304623624704548,-0.9999999999999901,0.017020428021374923
narma10,cra_v2_1_online,42,242,train,1.0671557601802186,0.8508827625212941,1.0,0.022235950513280762
narma10,cra_v2_1_online,42,243,train,1.186357788926256,-0.1704347592441254,1.0,1.3699175256468537
narma10,cra_v2_1_online,42,244,train,1.6017304997824309,2.3278503244778146,0.9999999999999998,1.763186484215838
narma10,cra_v2_1_online,42,245,train,-0.6202874790222055,0.6451385805998873,-0.999999999310476,2.706480947109487
narma10,cra_v2_1_online,42,246,train,-1.176888348662111,-0.1690533671958581,0.4892079859395119,0.4333080090316083
narma10,cra_v2_1_online,42,247,train,0.10392209313841372,-0.9332612043295779,0.9491764778175992,3.5435716271676365
narma10,cra_v2_1_online,42,248,train,-0.36056373137418196,-0.32542856400372816,0.16845521833926236,0.24392119046141844
narma10,cra_v2_1_online,42,249,train,1.06815654867809,0.015655530807919427,0.9999999999999998,0.9689340340290385
narma10,cra_v2_1_online,42,250,train,-0.0033037509379948726,-0.4718404876469571,-0.07751946459709436,0.15548906921909036
narma10,cra_v2_1_online,42,251,train,-0.10847693689553067,0.2450481151491867,-0.9966740360881384,1.5418739008734506
narma10,cra_v2_1_online,42,252,train,0.5839061664490282,1.2807538580513784,0.9999969118490513,0.07882446284085642
narma10,cra_v2_1_online,42,253,train,1.6728516736649717,3.172381733524194,1.0,4.719242396149582
narma10,cra_v2_1_online,42,254,train,1.5581076137130048,1.923175471568418,1.0,0.8522529513055709
narma10,cra_v2_1_online,42,255,train,-0.666814688383746,0.36036273198908764,-1.0,1.8505867625848142
narma10,cra_v2_1_online,42,256,train,-1.138584820449351,-0.29262422204783123,-0.9999999999887774,0.5003804912175588
narma10,cra_v2_1_online,42,257,train,-1.2215489865121123,-0.7417830339834091,-1.0,0.06667600153881328
narma10,cra_v2_1_online,42,258,train,1.3599432431431706,1.4080396696399493,1.0,0.16649637199987896
narma10,cra_v2_1_online,42,259,train,-0.7111189175612107,0.48595239423217523,-1.0,2.2080545179243343
narma10,cra_v2_1_online,42,260,train,0.9041743849226355,0.7697083925739356,0.9999999973062257,0.053034223210173315
narma10,cra_v2_1_online,42,261,train,1.3585441893637789,1.8033206049392427,1.0,0.6453239943199509
narma10,cra_v2_1_online,42,262,train,0.8438173536062937,2.8698017029812553,1.0,3.496158408471602
narma10,cra_v2_1_online,42,263,train,-1.6586176264340695,0.9422172119863911,-1.0,3.7722076985361896
narma10,cra_v2_1_online,42,264,train,0.7046532256999527,0.5530459492267261,0.9999997261877787,0.1997676787397503
narma10,cra_v2_1_online,42,265,train,0.2715137236259115,-0.10119223838949556,0.9998246152595143,1.2122381120191654
narma10,cra_v2_1_online,42,266,train,-0.39605188073413683,-0.6019383434183343,0.3118100236870899,0.834936078387829
narma10,cra_v2_1_online,42,267,train,-0.3669483619059515,0.18769772634121507,-0.99999334339595,1.4106100771334114
narma10,cra_v2_1_online,42,268,train,0.5215193954384627,0.042471738956379616,-0.40805012305931665,0.20296994815409009
narma10,cra_v2_1_online,42,269,train,1.243433567538055,1.5960192297719162,1.0,0.35523892225790826
narma10,cra_v2_1_online,42,270,train,0.7676954143249288,2.392301109034357,0.9999999999999991,1.9385023782183026
narma10,cra_v2_1_online,42,271,train,-0.06333436755069616,1.8337257932454938,-0.951264508682756,7.756170981834405
narma10,cra_v2_1_online,42,272,train,-0.6837402779742868,0.28002897777238855,-0.9999994889000757,1.6384728754918603
narma10,cra_v2_1_online,42,273,train,-0.8276108163764334,0.038368586582876334,0.9999784531766807,0.9246935355305541
narma10,cra_v2_1_online,42,274,train,0.4101665789123489,0.5201269238935216,-0.9999494286384359,2.3106321175268594
narma10,cra_v2_1_online,42,275,train,0.21671053885974004,0.2627466637284296,0.8030849539391687,0.2919654678678649
narma10,cra_v2_1_online,42,276,train,-1.5622314631680547,-0.5691370484220809,-0.9999999999999984,0.18564288304243493
narma10,cra_v2_1_online,42,277,train,-1.4189479447811053,-0.85643195528924,-1.0,0.020611783462070786
narma10,cra_v2_1_online,42,278,train,-0.6828800433805301,-0.2982281701165641,-0.9999999999999589,0.4924837012178884
narma10,cra_v2_1_online,42,279,train,-0.8336085641541497,-0.2805801621660606,-1.0,0.5175649030690116
narma10,cra_v2_1_online,42,280,train,1.6429329254889267,0.7072955684624658,1.0,0.08567588424171106
narma10,cra_v2_1_online,42,281,train,1.692751098390574,0.5534199720946287,1.0,0.19943372132396223
narma10,cra_v2_1_online,42,282,train,-1.1624598503938737,-0.46454665186396543,-1.0,0.28671028803008947
narma10,cra_v2_1_online,42,283,train,1.4443102003061463,0.9068983610521711,1.0,0.008667915174771883
narma10,cra_v2_1_online,42,284,train,1.4677590684587127,1.4152522276855197,1.0,0.17243441259778672
narma10,cra_v2_1_online,42,285,train,0.524312315340299,-0.06254233292714119,1.0,1.1289962092622519
narma10,cra_v2_1_online,42,286,train,1.7245699250682884,-0.5835818914046422,1.0,2.507731606784704
narma10,cra_v2_1_online,42,287,train,-1.7080670629543844,-1.1503049581069371,-1.0,0.022591580431528122
narma10,cra_v2_1_online,42,288,train,-0.32946246410063557,-1.062380035504753,-0.9999999997569914,0.003891268859892019
narma10,cra_v2_1_online,42,289,train,0.9858217454829074,1.331831226322078,1.0,0.11011196276241413
narma10,cra_v2_1_online,42,290,train,1.4007722290001472,2.990694872275805,1.0,3.962866074505183
narma10,cra_v2_1_online,42,291,train,0.6831566925712647,1.0864438630422142,1.0,0.007472541457661084
narma10,cra_v2_1_online,42,292,train,-1.3731141543213714,0.07317199489884998,-1.0,1.1516981306351775
narma10,cra_v2_1_online,42,293,train,0.5427337762725967,1.4057933261210924,1.0,0.16466822352441926
narma10,cra_v2_1_online,42,294,train,-1.040909887672956,0.3864273122563019,-1.0,1.9221806921702336
narma10,cra_v2_1_online,42,295,train,0.2960423876306736,1.47352256006273,0.9999998961402805,0.22422371324821302
narma10,cra_v2_1_online,42,296,train,-0.7487661641899878,-0.0229084003220852,-1.0,0.9547079941611465
narma10,cra_v2_1_online,42,297,train,0.45463783823828624,0.12833803335356234,0.9999999999999998,0.7597945840979351
narma10,cra_v2_1_online,42,298,train,-1.5773897026738983,-0.5603306588686929,-1.0,0.19330912953083768
narma10,cra_v2_1_online,42,299,train,0.1946070090359093,0.7652542599832447,0.9999999969743054,0.05510556103547625
narma10,cra_v2_1_online,42,300,train,0.4606222141497156,1.2257303667118342,1.0,0.050954198455859155
narma10,cra_v2_1_online,42,301,train,1.4302416969294223,0.17963797334538603,1.0,0.6729938547768656
narma10,cra_v2_1_online,42,302,train,-0.9781566787175459,-0.19891983424096335,-1.0,0.6417294319725256
narma10,cra_v2_1_online,42,303,train,0.2909336166595989,-0.48993615048481937,1.0,2.2199097325215225
narma10,cra_v2_1_online,42,304,train,1.5341580064830433,0.8924573147330723,1.0,0.011565429154421462
narma10,cra_v2_1_online,42,305,train,-0.4713297582705525,-0.01611431931714357,-1.0,0.9680310326527677
narma10,cra_v2_1_online,42,306,train,-0.4727350954453354,-0.045223436715607086,-1.0,0.9115982857971563
narma10,cra_v2_1_online,42,307,train,0.5591248107930016,-0.776178497524227,1.0,3.1548100550674203
narma10,cra_v2_1_online,42,308,train,-0.5378042855697774,-0.5671195492092643,-1.0,0.18738548467679053
narma10,cra_v2_1_online,42,309,train,-0.9760270547889476,-0.6575538833042266,-1.0,0.11726934284001526
narma10,cra_v2_1_online,42,310,train,-1.4395991555015546,-0.9426861176217065,-1.0,0.003284881113272861
narma10,cra_v2_1_online,42,311,train,-0.7127027986891685,-1.1533606170417896,-1.0,0.023519478859438447
narma10,cra_v2_1_online,42,312,train,-1.2739745030474796,-1.222420668285107,-1.0,0.04947095368039364
narma10,cra_v2_1_online,42,313,train,0.3656345955065102,0.5013181575878474,1.0,0.24868357995157903
narma10,cra_v2_1_online,42,314,train,1.115052845031991,0.336235288309403,1.0,0.4405835924857012
narma10,cra_v2_1_online,42,315,train,-0.6215037199124734,-0.4040529172317703,-1.0,0.35515292545996324
narma10,cra_v2_1_online,42,316,train,-0.3808487844025669,-0.24456246158089237,-1.0,0.5706858744527208
narma10,cra_v2_1_online,42,317,train,0.5908509563705591,-0.2710239181033024,1.0,1.61550180039067
narma10,cra_v2_1_online,42,318,train,0.5828572256580113,-0.5802381132510728,1.0,2.4971524945713104
narma10,cra_v2_1_online,42,319,train,1.104028856244191,-0.9978169827908732,1.0,3.991272696727628
narma10,cra_v2_1_online,42,320,train,-1.5047296005589332,-1.370272349436128,-1.0,0.13710161275695004
narma10,cra_v2_1_online,42,321,train,1.1706099238120966,-1.2199099740720432,1.0,4.928000292984538
narma10,cra_v2_1_online,42,322,train,0.4884591167569548,-0.1581694396214089,1.0,1.341356450872968
narma10,cra_v2_1_online,42,323,train,-1.1911208246598,-0.587885515521707,-1.0,0.16983834831680922
narma10,cra_v2_1_online,42,324,train,0.3330027264431434,-0.5767211714276531,0.9999999991456139,2.4860496497339337
narma10,cra_v2_1_online,42,325,train,1.3792008321737275,-0.015957267621839515,1.0,1.0321691696336341
narma10,cra_v2_1_online,42,326,train,0.24092951078970978,0.35713076007265654,-0.7065915697164867,1.1315051948920432
narma10,cra_v2_1_online,42,327,train,-0.9173646445231707,-0.26723049301070506,-0.9999999999926379,0.536951150362545
narma10,cra_v2_1_online,42,328,train,-0.10494874704506355,0.26295831909334116,-0.9723768467315348,1.5260529719235736
narma10,cra_v2_1_online,42,329,train,-1.3797131854996947,-0.8302627007839949,-0.9966428483064182,0.02768235348958336
narma10,cra_v2_1_online,42,330,train,-0.9368481808967021,-0.6678153092536296,-0.999999655902108,0.11034644015827647
narma10,cra_v2_1_online,42,331,train,1.5070939591274881,0.8757989014029137,1.0,0.015425912892723147
narma10,cra_v2_1_online,42,332,train,-0.10071679588410858,-0.2439941772931324,-0.9669788385866616,0.522706820465719
narma10,cra_v2_1_online,42,333,train,0.760702658598888,0.4961047347735742,1.0,0.25391043831761
narma10,cra_v2_1_online,42,334,train,-0.09926387107317705,0.8485874695131077,-0.996686485695934,3.405035969772821
narma10,cra_v2_1_online,42,335,train,-1.6330143891377082,-0.4078784447591005,-1.0,0.3506079361809016
narma10,cra_v2_1_online,42,336,train,1.5703339770717588,-0.28155398691374756,1.0,1.6423806213745218
narma10,cra_v2_1_online,42,337,train,-0.675393733953331,-0.5196642945345379,-0.8996249521221404,0.14437010131440337
narma10,cra_v2_1_online,42,338,train,-0.9861361163605993,-1.0716316848222296,-0.9999998009255345,0.0051311267905896005
narma10,cra_v2_1_online,42,339,train,0.9387711114418645,-0.8001776835998872,0.9999999999943823,3.2406396925108294
narma10,cra_v2_1_online,42,340,train,-1.022129792494777,-0.6194128960791319,0.9992328389307432,2.620014015465659
narma10,cra_v2_1_online,42,341,train,-1.2469430213712909,-0.9817552572917287,-0.9999999999999991,0.00033287063649098473
narma10,cra_v2_1_online,42,342,train,-1.308884206294541,-1.1003354330913906,-1.0,0.010067199133636918
narma10,cra_v2_1_online,42,343,train,0.8022124680058564,-0.24591561055389904,1.0,1.5523057086218952
narma10,cra_v2_1_online,42,344,train,-0.2715111198354603,-1.0562793564870725,-0.9756517109568963,0.006500817223739743
narma10,cra_v2_1_online,42,345,train,-0.9181955031915088,-0.6935875169901122,-0.9999999999883691,0.09388860973715704
narma10,cra_v2_1_online,42,346,train,-0.352969793044812,-0.9015054441572423,-0.9999985979910776,0.00970090135213554
narma10,cra_v2_1_online,42,347,train,0.054858962345429245,-1.0399379962047304,0.8915168159954091,3.7305176915710767
narma10,cra_v2_1_online,42,348,train,-1.4049662993026377,-1.2459254657913181,-0.9999999996802618,0.060479334881940336
narma10,cra_v2_1_online,42,349,train,-1.5476533963689871,-1.5579444527561932,-1.0,0.3113020123614079
narma10,cra_v2_1_online,42,350,train,1.3631460826431696,-1.2964532908636892,1.0,5.273697717118668
narma10,cra_v2_1_online,42,351,train,1.102598119345356,-1.2805199744175875,0.9752163273696167,5.088346263200613
narma10,cra_v2_1_online,42,352,train,0.9407458774605925,0.3872393457749577,-0.9999999999998366,1.924433002465679
narma10,cra_v2_1_online,42,353,train,0.22595634803293238,-0.033341040197638,0.42336881342655275,0.20858389039742975
narma10,cra_v2_1_online,42,354,train,1.488327259337,-0.2858139557347919,-1.0,0.5100617058231859
narma10,cra_v2_1_online,42,355,train,-0.2133534850797714,-0.5396133356728686,0.9998315291725584,2.3698904918989547
narma10,cra_v2_1_online,42,356,train,-0.6392211287043205,-0.6918727591129069,0.98749442817162,2.8202741497279438
narma10,cra_v2_1_online,42,357,train,-0.6157883545785581,-1.2292011583986904,-0.9999999380824144,0.052533199394470084
narma10,cra_v2_1_online,42,358,train,0.6353179505278863,-1.4503576520497268,0.9999999999821997,6.004252622871416
narma10,cra_v2_1_online,42,359,train,-1.1325476355401325,-1.1277933846987958,-0.9789265319488589,0.022161339847671373
narma10,cra_v2_1_online,42,360,train,1.6407861846589076,1.321363593906413,0.999999999992149,0.10327455949349201
narma10,cra_v2_1_online,42,361,train,0.7344559819893849,1.588682406753327,0.9999999976403869,0.34654697879901486
narma10,cra_v2_1_online,42,362,train,0.9962942955183098,1.4125680575043504,1.0,0.17021240207291302
narma10,cra_v2_1_online,42,363,train,-0.5461747822104392,0.9001954981290914,-0.9999999999990343,3.6107429311063957
narma10,cra_v2_1_online,42,364,train,-1.1726803698027903,-0.20798161850480157,-0.9999999834721973,0.6272930904456269
narma10,cra_v2_1_online,42,365,train,0.5799712867701807,-0.24048929691449383,0.9999998072571261,1.538813217568508
narma10,cra_v2_1_online,42,366,train,0.6997612903416596,-0.19506436782618616,-0.9934561596469991,0.6374294532468482
narma10,cra_v2_1_online,42,367,train,0.7146276798126147,0.7542014767277182,-0.9999988966371197,3.0772189499133367
narma10,cra_v2_1_online,42,368,train,1.2693389358797706,0.06650398141662593,0.9999999963652936,0.871414809925043
narma10,cra_v2_1_online,42,369,train,1.585633537284896,2.5580021795596832,1.0,2.4273707915127236
narma10,cra_v2_1_online,42,370,train,0.6164948568282473,2.3143529235740847,0.9999999999561641,1.7275236078229759
narma10,cra_v2_1_online,42,371,train,-1.0142889055419928,1.0718398301950625,-1.0,4.292520281982706
narma10,cra_v2_1_online,42,372,train,-0.24240637926631337,0.3490497875392961,-0.9566914095333655,1.7049600737327473
narma10,cra_v2_1_online,42,373,train,0.6173412001950767,-0.186500394352604,-0.9999927619720322,0.6617698321750629
narma10,cra_v2_1_online,42,374,train,1.6703156371510994,1.4727280868441763,-1.0,6.11438419146806
narma10,cra_v2_1_online,42,375,train,0.1630554173850576,1.3948978745167027,0.297065380332489,1.2052361852867315
narma10,cra_v2_1_online,42,376,train,-0.18982876519608502,1.1460771170969115,-0.904278414111731,4.2039578043578745
narma10,cra_v2_1_online,42,377,train,-0.2238686959790042,1.2709154667613007,0.9787979409469356,0.08533264888790627
narma10,cra_v2_1_online,42,378,train,0.5785214615588952,2.2878769477378493,-0.9999999841436769,10.810134719198679
narma10,cra_v2_1_online,42,379,train,-1.635808001226638,0.6810390701518098,-0.9959480185768044,2.812285695762473
narma10,cra_v2_1_online,42,380,train,-0.9770324327408805,-0.14765569596079717,0.9999999999999574,1.3171135964711638
narma10,cra_v2_1_online,42,381,train,-0.06378096368932545,-0.05987982224830506,-0.12117219521213407,0.003756754983537117
narma10,cra_v2_1_online,42,382,train,0.03429801194884272,0.4628355869902878,0.26474489467434964,0.039239922382207686
narma10,cra_v2_1_online,42,383,train,0.1060362696586911,1.3662394792143862,0.9003070666363455,0.21709301309079349
narma10,cra_v2_1_online,42,384,train,-0.369357317825047,0.7825877170819867,-0.9999991655941158,3.1776159942889053
narma10,cra_v2_1_online,42,385,train,0.38203819523430305,0.6595362005605391,0.6123840710512883,0.0022233233172571543
narma10,cra_v2_1_online,42,386,train,1.5884593469953383,1.0998753523071114,0.9999999999717315,0.00997508600411628
narma10,cra_v2_1_online,42,387,train,1.8115671395502702,2.279181447142606,1.0,1.6363051747138515
narma10,cra_v2_1_online,42,388,train,0.8837729755847905,0.5575299772989709,0.999999999999999,0.1957797209890483
narma10,cra_v2_1_online,42,389,train,0.4989427428412616,0.038790784039997535,0.9999999999871081,0.9239231568216589
narma10,cra_v2_1_online,42,390,train,1.6772018936373942,0.9515145140082983,1.0,0.0023508423518514977
narma10,cra_v2_1_online,42,391,train,1.713783172112164,1.567822807471593,1.0,0.3224227406849217
narma10,cra_v2_1_online,42,392,train,0.3865360961763329,1.2781853903592815,0.9999999999999958,0.07738711140934816
narma10,cra_v2_1_online,42,393,train,-1.4249364865712568,0.10809670197208202,-1.0,1.2278783009214052
narma10,cra_v2_1_online,42,394,train,1.6191189325961248,1.447480553467478,1.0,0.2002388457315604
narma10,cra_v2_1_online,42,395,train,0.07427445243194859,1.8475889169237236,0.992525767930848,0.7311329887656126
narma10,cra_v2_1_online,42,396,train,-0.27780230593099053,1.840465194523787,-0.9999999999384572,8.068242520951436
narma10,cra_v2_1_online,42,397,train,-0.7398779080159931,1.0937399249354085,-0.9999999999999998,4.38374687326853
narma10,cra_v2_1_online,42,398,train,-1.194872850940318,0.24482646420288262,-0.9999999667136837,1.5495928431084771
narma10,cra_v2_1_online,42,399,train,-0.3725698441225507,0.8092695881192817,0.9992076347864414,0.03607646157173611
narma10,cra_v2_1_online,42,400,train,-1.1464301072662886,0.34611113730954846,0.9999999999999998,0.4275706447506119
narma10,cra_v2_1_online,42,401,train,0.6051656906391487,0.9617819758234707,-0.9999999999969678,3.8485885206539434
narma10,cra_v2_1_online,42,402,train,-1.3272513890704147,-0.16168002590449243,0.9999856786209749,1.34946720907065
narma10,cra_v2_1_online,42,403,train,0.2712587980882795,1.1803735766029395,0.9987111562507229,0.033001234968225435
narma10,cra_v2_1_online,42,404,train,-1.622657830615175,-0.03397532517188511,-1.0,0.9332036723767652
narma10,cra_v2_1_online,42,405,train,1.6674718938866664,0.7113928781279545,1.0,0.08329407079526573
narma10,cra_v2_1_online,42,406,train,-0.4088268905454118,-0.006382592226975304,-0.9999999999867761,0.9872755530033063
narma10,cra_v2_1_online,42,407,train,-0.5984961900570972,-0.6206049364050182,-1.0,0.14394061428024027
narma10,cra_v2_1_online,42,408,train,-0.6860591936389311,-0.7161497941776224,-1.0,0.08057093934540614
narma10,cra_v2_1_online,42,409,train,-0.08541404672142798,-0.9145679437354752,-0.9995653409108448,0.007224557526587525
narma10,cra_v2_1_online,42,410,train,0.9288851551425594,0.5316889583044109,1.0,0.21931523177400783
narma10,cra_v2_1_online,42,411,train,0.467183778861713,-0.3523983185502613,1.0,1.828981212017574
narma10,cra_v2_1_online,42,412,train,1.3366039111808348,0.764667257807995,1.0,0.05538149954760867
narma10,cra_v2_1_online,42,413,train,1.2610288609083242,-0.4165165779945441,1.0,2.0065192157333733
narma10,cra_v2_1_online,42,414,train,-1.5652119540684397,-0.9438113443515996,-1.0,0.0031571650235745143
narma10,cra_v2_1_online,42,415,train,-1.4973275103971486,-1.2816366386245592,-1.0,0.07931919621574057
narma10,cra_v2_1_online,42,416,train,1.813072587491678,-0.35996856325622345,1.0,1.8495144930451968
narma10,cra_v2_1_online,42,417,train,1.792054134590025,-0.038854543310387804,1.0,1.0792187621566343
narma10,cra_v2_1_online,42,418,train,-1.2708372236014913,-0.7524890547709037,-0.999999960126928,0.061261648270158856
narma10,cra_v2_1_online,42,419,train,0.18249332292313655,0.20938052099327534,0.9825624453350112,0.5978102881287899
narma10,cra_v2_1_online,42,420,train,-1.1672392174645918,-0.47299170555997166,-1.0,0.27773774240858756
narma10,cra_v2_1_online,42,421,train,0.7231899771969297,1.069184852615579,0.9999999999999997,0.004786543831439426
narma10,cra_v2_1_online,42,422,train,-0.8618723919687847,0.3460049287282861,-1.0,1.8117292681608383
narma10,cra_v2_1_online,42,423,train,-0.35367730954818594,-0.7100602828732911,-0.999779270392958,0.08393709172942088
narma10,cra_v2_1_online,42,424,train,1.0368045227498668,-1.085928237812578,1.0,4.351096613303887
narma10,cra_v2_1_online,42,425,train,0.7869663147526366,1.2088371618150726,0.5840088612578005,0.3904104051772888
narma10,cra_v2_1_online,42,426,train,-1.34929112112058,0.07584230765840859,-0.9999999811827142,1.1574366304589059
narma10,cra_v2_1_online,42,427,train,-0.7088285902696113,-0.718022886724575,0.9999997301386917,2.951601712053707
narma10,cra_v2_1_online,42,428,train,-0.15473884610266092,-0.3507298613457713,-0.7858240123741967,0.1893069202591463
narma10,cra_v2_1_online,42,429,train,0.5947168019056274,-0.6778723800895413,0.9999995374172203,2.8152541715578168
narma10,cra_v2_1_online,42,430,train,-0.7252231233646484,-0.5025385698202911,0.9988878846423574,2.2542813981602796
narma10,cra_v2_1_online,42,431,train,-1.347365005169081,-1.0558951227740545,-0.999999999999998,0.00312426474992685
narma10,cra_v2_1_online,42,432,train,-1.3031974656411804,-1.270543906303304,-1.0,0.0731940052378509
narma10,cra_v2_1_online,42,433,train,-1.0491548188300739,-1.003004167403074,-1.0,9.025021785692839e-06
narma10,cra_v2_1_online,42,434,train,-1.2218011154100095,-1.0651993252674654,-1.0,0.004250952015332754
narma10,cra_v2_1_online,42,435,train,-1.052791570459665,-1.3973023623382026,-1.0,0.15784916711951644
narma10,cra_v2_1_online,42,436,train,-1.2028640447781571,-1.4943606796309223,-1.0,0.24439248156514742
narma10,cra_v2_1_online,42,437,train,1.3822912361217514,-0.2512146171157867,1.0,1.565538018084205
narma10,cra_v2_1_online,42,438,train,-1.5288928943586995,-1.027815195510207,-1.0,0.0007736851012710429
narma10,cra_v2_1_online,42,439,train,-1.7005760218392032,-1.5059737663028796,-1.0,0.256009452186721
narma10,cra_v2_1_online,42,440,train,0.3694142215945617,-1.4918069379685992,0.9999999999999557,6.209101816108225
narma10,cra_v2_1_online,42,441,train,0.2846047964510378,-1.4794622375234558,0.9999982572358259,6.147724345071944
narma10,cra_v2_1_online,42,442,train,0.09098327402288511,-1.3652254419111585,0.5301600013419083,3.5924859784956245
narma10,cra_v2_1_online,42,443,train,0.6514736508151506,-1.3271523766559614,-0.9999993924675162,0.10702907506340506
narma10,cra_v2_1_online,42,444,train,0.8332722230867233,-1.157905547504538,-0.999999999999573,0.02493416193284272
narma10,cra_v2_1_online,42,445,train,0.3437576934701762,-1.2796729564797034,-0.9999998060578634,0.0782170710668771
narma10,cra_v2_1_online,42,446,train,0.03257046136577008,-0.01738766445094215,-0.7441412451796663,0.528170767102022
narma10,cra_v2_1_online,42,447,train,0.19460750842394567,-0.9826713991635798,-0.9999979526908382,0.0003002094571329514
narma10,cra_v2_1_online,42,448,train,0.3963040640724533,-1.5024849606774837,-0.9999999999999888,0.2524911357070636
narma10,cra_v2_1_online,42,449,train,-0.8871743606751066,-1.2181895682750052,1.0,4.920364960804055
narma10,cra_v2_1_online,42,450,train,0.060288758978531996,-0.5459035898670904,-0.9432970948914317,0.1579215978355311
narma10,cra_v2_1_online,42,451,train,-1.300408797148475,-1.090266120024229,1.0,4.369212452521144
narma10,cra_v2_1_online,42,452,train,0.48113006981583856,0.02091419700767994,-0.999999875992887,1.042265544450607
narma10,cra_v2_1_online,42,453,train,0.8362747587290682,0.9161147384248661,0.5677262180855616,0.12137456110421004
narma10,cra_v2_1_online,42,454,train,-1.2113915154442083,-0.2856089776358735,-0.9999998492877039,0.5103543174994619
narma10,cra_v2_1_online,42,455,train,0.7879945055828979,0.19514918192699096,0.9999999963215807,0.6477848334316343
narma10,cra_v2_1_online,42,456,train,0.47652307126751264,0.3837372091155307,0.9999999652970597,0.3797797846564547
narma10,cra_v2_1_online,42,457,train,-0.887468222500784,-0.2549531182601674,-1.0,0.5550948559902481
narma10,cra_v2_1_online,42,458,train,-0.8328054201581984,-0.8462297571362031,-1.0,0.023645287590391088
narma10,cra_v2_1_online,42,459,train,-0.444972943536237,-0.651210293165137,-0.9999999999999867,0.12165425959394037
narma10,cra_v2_1_online,42,460,train,0.08147324425267,-1.0060499025928964,0.9980805297455537,4.016538789825104
narma10,cra_v2_1_online,42,461,train,-1.5746635544907004,-1.3094752482525154,-1.0,0.09577492928095602
narma10,cra_v2_1_online,42,462,train,-0.6063656223955275,-0.6956500568458605,-0.9999999999999998,0.09262888789792784
narma10,cra_v2_1_online,42,463,train,0.784785467288322,-0.8908349792283219,1.0,3.5752569186733685
narma10,cra_v2_1_online,42,464,train,0.07871136798037962,-0.0352932461485998,0.8969775225378862,0.8691287861472914
narma10,cra_v2_1_online,42,465,train,-0.112098571688155,0.06481065014844412,-0.0544545837868943,0.014224196025650998
narma10,cra_v2_1_online,42,466,train,1.0076821404921839,-0.26953925260309153,-0.9999999999999989,0.5335729034876485
narma10,cra_v2_1_online,42,467,train,-1.4422962708982119,-1.0439617439940552,1.0,4.1777796109112195
narma10,cra_v2_1_online,42,468,test,-1.1506965441410473,-1.2599102873617223,0.9999927305692129,5.1071616504533495
narma10,cra_v2_1_online,42,469,test,1.059533459245448,-0.07511887085419422,0.9999999999945144,1.155880586455002
narma10,cra_v2_1_online,42,470,test,0.6470881913821755,-0.9348220957537037,-0.9982711313311032,0.004025780115702115
narma10,cra_v2_1_online,42,471,test,0.20220093607833375,-0.7819304252043763,-0.9806402982237912,0.03948561363539199
narma10,cra_v2_1_online,42,472,test,0.8417726856754646,0.577879483350365,-0.9999999999996411,2.489703663976882
narma10,cra_v2_1_online,42,473,test,0.7908823937666641,0.6501662621950812,0.4321646359261312,0.047524709055906965
narma10,cra_v2_1_online,42,474,test,-0.011781085478156268,0.1848584129782148,-0.07741469881825273,0.06878718517140234
narma10,cra_v2_1_online,42,475,test,-0.09449984704348705,0.478895671097827,0.7929788939227489,0.09864827086008954
narma10,cra_v2_1_online,42,476,test,1.129001689585647,-0.46724112967358294,-1.0,0.28383201391148
narma10,cra_v2_1_online,42,477,test,0.2182300042536783,-0.8228873201387499,-0.9999264250807405,0.031342844678661164
narma10,cra_v2_1_online,42,478,test,0.4633477610238079,0.5040424176603471,-0.9999999999969746,2.2621435941124814
narma10,cra_v2_1_online,42,479,test,1.0089712005413327,1.281343199955618,-0.9999999997697273,5.204526794933076
narma10,cra_v2_1_online,42,480,test,1.1821905069090153,1.422618810117574,0.9999997172661068,0.1786068976425971
narma10,cra_v2_1_online,42,481,test,1.459028121532942,2.3200908229074595,0.9999999999999998,1.7426397807244942
narma10,cra_v2_1_online,42,482,test,-0.2273765433917894,1.5398249713456156,-0.9995856474483795,6.4486062908437
narma10,cra_v2_1_online,42,483,test,-1.006355084960775,0.4049058688094355,-0.5626230374908368,0.9361121845266012
narma10,cra_v2_1_online,42,484,test,0.1246501250054118,0.3473629921724271,-0.9740031726832103,1.7460085416252955
narma10,cra_v2_1_online,42,485,test,-0.5252649678450522,0.44343300825234805,-0.3284549302637635,0.5958109896266524
narma10,cra_v2_1_online,42,486,test,0.846866773180431,0.9633643046973377,-0.999999999999655,3.854799392958306
narma10,cra_v2_1_online,42,487,test,-0.12312360027408133,0.8180858251389316,-0.08182675291631995,0.8098426481420491
narma10,cra_v2_1_online,42,488,test,0.6027868705377837,1.6344509915067786,-0.9999999983208451,6.940332017803746
narma10,cra_v2_1_online,42,489,test,-0.7282277826217157,1.0609919984230851,-0.4599092062148036,2.313140474268981
narma10,cra_v2_1_online,42,490,test,-0.7284175779409489,0.8300631473020229,0.9999999999779174,0.028878533897388682
narma10,cra_v2_1_online,42,491,test,-0.07176929620985886,0.4835917961989658,0.9318510211368015,0.2009363327418692
narma10,cra_v2_1_online,42,492,test,0.4674767265863531,-0.008577406349199538,-0.9999999999974111,0.9829187591961467
narma10,cra_v2_1_online,42,493,test,1.5991748311667369,1.0745554378340054,-1.0,4.303780264646643
narma10,cra_v2_1_online,42,494,test,0.03625805546844146,0.4414351184413758,-0.5539778325519725,0.990846943005286
narma10,cra_v2_1_online,42,495,test,-1.628164153945945,-0.4436131574743528,-0.864207542247253,0.17689963650249446
narma10,cra_v2_1_online,42,496,test,-0.028541445607509167,-0.17981365149445955,-0.19178058788841523,0.0001432075666569811
narma10,cra_v2_1_online,42,497,test,0.18262837634262483,0.45259347319615084,0.9815052083821729,0.2797476236174887
narma10,cra_v2_1_online,42,498,test,-0.5243650109986027,-0.20376690157797767,-0.9999999944319227,0.6339871381557589
narma10,cra_v2_1_online,42,499,test,0.4678526690986836,-0.27279734650015874,0.9999999998273603,1.6200130848183745
narma10,cra_v2_1_online,42,500,test,1.2718914891605182,0.4995633818650453,0.999999928469474,0.25043673717736653
narma10,cra_v2_1_online,42,501,test,-0.48094069936865175,0.206442189542464,-0.9999904138730188,1.4554796265838597
narma10,cra_v2_1_online,42,502,test,-0.5289723932783834,0.4312768820021545,0.9925198065683678,0.31499362037563616
narma10,cra_v2_1_online,42,503,test,-0.2562708887484464,0.1339485257762041,0.993830874199766,0.7393976531304199
narma10,cra_v2_1_online,42,504,test,0.15469667098634637,-0.7502793008573332,-0.9904624729413423,0.05768795615233672
narma10,cra_v2_1_online,42,505,test,1.5680030974626078,0.42016414525568185,-1.0,2.0168661994698014
narma10,cra_v2_1_online,42,506,test,-1.5794777366247705,-0.5887962246938307,0.999999862926159,2.5242730080365865
narma10,cra_v2_1_online,42,507,test,-0.8805266825599112,-0.8649479592518518,-0.9999999996656674,0.018239053619934907
narma10,cra_v2_1_online,42,508,test,1.0832368166960573,0.5239136023401033,1.0,0.22665825803677728
narma10,cra_v2_1_online,42,509,test,1.765396823758586,2.48959395105261,1.0,2.218890139012526
narma10,cra_v2_1_online,42,510,test,-0.14537884593300587,0.9756457919262639,-0.9997364026455564,3.9021348146313803
narma10,cra_v2_1_online,42,511,test,0.11172758303224041,0.30739712005761316,0.8892899070036623,0.33859921549984007
narma10,cra_v2_1_online,42,512,test,-0.4588610481168071,-0.1237178404219993,-0.9999999284706148,0.7678702978348415
narma10,cra_v2_1_online,42,513,test,1.4700502769595547,0.8938887304069594,1.0,0.011259601534646948
narma10,cra_v2_1_online,42,514,test,1.8049413550695956,3.096062081062229,1.0,4.393476247666921
narma10,cra_v2_1_online,42,515,test,0.39960836614413003,0.9353996796700385,0.9999999999996074,0.004173201386682922
narma10,cra_v2_1_online,42,516,test,1.3479500406617309,0.5138953431210741,1.0,0.2362977374393783
narma10,cra_v2_1_online,42,517,test,0.3473069375910393,1.282660424744581,0.9999999999999956,0.07989691571678943
narma10,cra_v2_1_online,42,518,test,-1.0888150340594536,0.6625832419709439,-1.0,2.764183036482614
narma10,cra_v2_1_online,42,519,test,-0.3828898205477976,0.3020332160922972,-0.9999999999984646,1.6952904958036523
narma10,cra_v2_1_online,42,520,test,-0.03791624890549749,0.3584898891700235,-0.6026609567606657,0.9238109486332795
narma10,cra_v2_1_online,42,521,test,-1.3618186074121645,-0.41483703435760505,-0.4678702703658396,0.002812524121505107
narma10,cra_v2_1_online,42,522,test,1.3491608883164057,1.9726317793109254,0.9999999318140713,0.9460127107651436
narma10,cra_v2_1_online,42,523,test,0.6063863889975054,2.7948569252404973,0.9999993863005124,3.2215135850896996
narma10,cra_v2_1_online,42,524,test,-1.0608887066939985,1.2498794367960153,-1.0,5.061957480117555
narma10,cra_v2_1_online,42,525,test,-0.9157198831553169,0.6942480767097752,-0.2975608933637586,0.9836850331183238
narma10,cra_v2_1_online,42,526,test,1.3039898432065855,1.528931817289494,-1.0,6.395496136499142
narma10,cra_v2_1_online,42,527,test,-1.314252069732746,0.19431547944130673,-0.43265510598513135,0.39309211498997043
narma10,cra_v2_1_online,42,528,test,0.3692129108196859,0.225144933010178,-0.9999956203846181,1.5009693755725073
narma10,cra_v2_1_online,42,529,test,0.13597632952032856,0.33145235616614693,0.05022921385880916,0.07908645576921317
narma10,cra_v2_1_online,42,530,test,1.2490481576213852,-0.22809296796362707,0.999999754034156,1.508211733823924
narma10,cra_v2_1_online,42,531,test,-1.4545198911519253,-0.6070581203010976,0.999999999999996,2.5826358020256843
narma10,cra_v2_1_online,42,532,test,-1.2104228787705584,-0.6986874942954017,-0.9999996027859678,0.09078898672303068
narma10,cra_v2_1_online,42,533,test,0.38922964250239883,-0.724857925800189,0.9998683130609898,2.974680599016228
narma10,cra_v2_1_online,42,534,test,1.1798472892516447,-0.505708143376994,-0.9999967122064812,0.24432118927550275
narma10,cra_v2_1_online,42,535,test,0.38966236181713965,0.7881954711885534,-0.9997699314095259,3.196820280887711
narma10,cra_v2_1_online,42,536,test,-1.0930171277643705,-0.4258142031949945,-0.9999982197707837,0.32968728489110616
narma10,cra_v2_1_online,42,537,test,0.8785130775391391,0.5114993107727607,0.9999999992682599,0.23863292266057676
narma10,cra_v2_1_online,42,538,test,-1.1166965520366314,-0.3315524407814412,-1.0,0.4468221394252487
narma10,cra_v2_1_online,42,539,test,-1.4436900075566834,-0.8293160500501406,-1.0,0.029133010770486096
narma10,cra_v2_1_online,42,540,test,0.843481483725015,-1.1237145273958589,1.0,4.510163393872217
narma10,cra_v2_1_online,42,541,test,-1.492538183757937,-1.446125404859137,-0.9999999999999998,0.1990278768607291
narma10,cra_v2_1_online,42,542,test,1.0189157811798202,0.09795645526719796,0.9999999999999998,0.8136825565941181
narma10,cra_v2_1_online,42,543,test,1.5905504409597908,1.9669257539571745,1.0,0.9349454136656503
narma10,cra_v2_1_online,42,544,test,-0.5952420824189997,0.737977517428521,-0.9999999999999997,3.0205658510870044
narma10,cra_v2_1_online,42,545,test,0.9352143987299113,-0.030983563472072137,0.9999999997524243,1.0629271076390792
narma10,cra_v2_1_online,42,546,test,0.6882123683635514,0.9612709707668475,-0.9993326701732556,3.843966636867589
narma10,cra_v2_1_online,42,547,test,1.4929217291253116,0.17269934853361152,0.9999999999999996,0.6844263679167102
narma10,cra_v2_1_online,42,548,test,-1.055549248081417,-0.7472947018072689,-1.0,0.06385996773467716
narma10,cra_v2_1_online,42,549,test,-1.3411225203337367,-0.9574904720981267,-1.0,0.0018070599624401484
narma10,cra_v2_1_online,42,550,test,-1.120968775135865,-1.3148495319394229,-1.0,0.09913022776247367
narma10,cra_v2_1_online,42,551,test,1.4655818592282646,1.0915440739795563,1.0,0.008380317480774483
narma10,cra_v2_1_online,42,552,test,1.6458383711092242,3.0296622106566207,1.0,4.11952868936752
narma10,cra_v2_1_online,42,553,test,0.6025299927846168,1.5220550796049994,1.0,0.2725415061413823
narma10,cra_v2_1_online,42,554,test,1.7807499877576376,2.75181765667088,1.0,3.0688651022238527
narma10,cra_v2_1_online,42,555,test,1.4346767955544388,2.926983641447712,1.0,3.7132659544070847
narma10,cra_v2_1_online,42,556,test,-0.38019238138188544,2.1270252332273962,-1.0,9.778286809240852
narma10,cra_v2_1_online,42,557,test,1.6650902066422013,1.121540254134672,1.0,0.014772033375120643
narma10,cra_v2_1_online,42,558,test,1.1439553223623011,0.2563850059194987,1.0,0.5529632594213439
narma10,cra_v2_1_online,42,559,test,-1.5189341852639464,-0.4849021253875696,-1.0,0.26532582043024305
narma10,cra_v2_1_online,42,560,test,0.9779856090220247,1.6648755082051439,1.0,0.4420594414110483
narma10,cra_v2_1_online,42,561,test,0.06711880798810678,2.1463067637660025,0.9998655930356695,1.3143273579455366
narma10,cra_v2_1_online,42,562,test,-0.35359824669157347,1.593995855507119,-1.0,6.72881449838811
narma10,cra_v2_1_online,42,563,test,-1.1176954659784093,0.9258145447175464,-1.0,3.708761660645651
narma10,cra_v2_1_online,42,564,test,-1.2519014947595428,0.3481306700553381,-1.0,1.8174563035438551
narma10,cra_v2_1_online,42,565,test,1.0759247402135799,0.6583786138538243,1.0,0.11670517147243445
narma10,cra_v2_1_online,42,566,test,-0.9296920248111872,0.45856171539584795,-1.0,2.1274022776184784
narma10,cra_v2_1_online,42,567,test,-0.27070361872730364,0.7593281230320519,-0.9955316871928704,3.079532953542651
narma10,cra_v2_1_online,42,568,test,-1.5435467153116977,-0.33036660315578154,0.9999999981679123,1.7698752939175564
narma10,cra_v2_1_online,42,569,test,0.5494432831897983,0.9205066588114654,0.9999915919640048,0.006317854598263649
narma10,cra_v2_1_online,42,570,test,-0.5528843665625873,0.39172292102252354,-0.9999999896471568,1.9368926600828869
narma10,cra_v2_1_online,42,571,test,-1.0524436722474042,-0.26599096592015586,0.6657520635821834,0.868145073026197
narma10,cra_v2_1_online,42,572,test,-1.4217591998371257,-0.8711995669768656,-1.0,0.016589551546946923
narma10,cra_v2_1_online,42,573,test,0.2605965836837127,-0.9865069551112665,0.9999889071281529,3.946165810694335
narma10,cra_v2_1_online,42,574,test,-1.600157142212616,-1.245237429731148,-0.9999998804677503,0.060141455568717354
narma10,cra_v2_1_online,42,575,test,0.6929413663846772,-0.9197527797186772,0.9999996329334868,3.685449325883804
narma10,cra_v2_1_online,42,576,test,0.6618073033689592,-0.3217072862009596,-0.9997595235037604,0.45975483651133375
narma10,cra_v2_1_online,42,577,test,1.2666639966681792,-0.9288389565305093,-0.999999999999984,0.00506389410766447
narma10,cra_v2_1_online,42,578,test,-0.4238136354077686,-0.512762835101957,0.9999997598087181,2.288450668560879
narma10,cra_v2_1_online,42,579,test,-0.07089974875506003,-0.6303069908362977,0.05529571043002125,0.47005106398367336
narma10,cra_v2_1_online,42,580,test,0.5309375509099281,-0.8335669613587622,0.9999999771065899,3.3619677178332044
narma10,cra_v2_1_online,42,581,test,0.05706034571126543,-1.2352352252340466,-0.045454298160200204,1.4155786544287015
narma10,cra_v2_1_online,42,582,test,1.7346934512554109,0.469921189186878,-0.9999999998849933,2.160668302082464
narma10,cra_v2_1_online,42,583,test,1.7501131412269015,-0.6785896996834715,1.0,2.817663379883447
narma10,cra_v2_1_online,42,584,test,-0.03655818732140341,-0.09530475270137241,0.2436244876056581,0.11487302993510085
narma10,cra_v2_1_online,42,585,test,-1.5285995734438649,-0.8955025823721234,-0.9999999999999973,0.01091971029089429
narma10,cra_v2_1_online,42,586,test,-0.9520489928375604,-0.70600224598145,-0.9999999999999879,0.08643467936794472
narma10,cra_v2_1_online,42,587,test,-1.199924982211181,-1.1143979268119895,-1.0,0.013086885658881296
narma10,cra_v2_1_online,42,588,test,0.8426454216508398,-0.2336153831483711,1.0,1.5218069135403025
narma10,cra_v2_1_online,42,589,test,-0.5921783631532245,-0.33808830895799274,-0.999996210134066,0.4381220696393145
narma10,cra_v2_1_online,42,590,test,1.1143441930943567,0.36938950424923156,1.0,0.39766959735102997
narma10,cra_v2_1_online,42,591,test,0.1731383830144591,1.1659467228309088,0.9993279411934224,0.027761818394360392
narma10,cra_v2_1_online,42,592,test,0.008337149822789824,1.4272957217513063,0.23775570269989646,1.4150054569248285
narma10,cra_v2_1_online,42,593,test,1.5735210273595597,1.4388358660436054,1.0,0.19257691732624116
narma10,cra_v2_1_online,42,594,test,0.9148322544082176,-0.01419692908322092,1.0,1.0285954109618358
narma10,cra_v2_1_online,42,595,test,-0.7005283786338176,-0.6396190050669043,-0.9999999999999789,0.12987446150895277
narma10,cra_v2_1_online,42,596,test,-0.008511675516861059,-0.9076194468956593,-0.24151075831052604,0.44370078500860605
narma10,cra_v2_1_online,42,597,test,1.6163786465634293,1.257777598589193,1.0,0.06644929033441113
narma10,cra_v2_1_online,42,598,test,0.6374014702130545,0.6047535406239058,1.0,0.15621976364933846
narma10,cra_v2_1_online,42,599,test,-0.5524627679223599,0.491996448803377,-1.0,2.226053403241888
narma10,cra_v2_1_online,42,600,test,0.23857230488725953,0.5712122965574475,0.999997841052938,0.1838570431682942
narma10,cra_v2_1_online,42,601,test,0.09861666557725747,0.4461271387931851,0.9978978974091373,0.3044509700636233
narma10,cra_v2_1_online,42,602,test,0.00606782661160505,1.131249840437692,0.2422348896167596,0.7903475827831449
narma10,cra_v2_1_online,42,603,test,1.7358362235975178,2.4958608493276686,1.0,2.237599680551294
narma10,cra_v2_1_online,42,604,test,0.6587118184210904,1.2117466145684268,1.0,0.0448366287811899
narma10,cra_v2_1_online,42,605,test,0.5123666397061324,1.006325300242997,1.0,4.000942316405848e-05
narma10,cra_v2_1_online,42,606,test,-0.48971468740632257,1.0250625894294039,-1.0,4.100878491106523
narma10,cra_v2_1_online,42,607,test,-0.47765502464315823,0.7260028949412989,-1.0,2.9790859933457443
narma10,cra_v2_1_online,42,608,test,-0.2773472730752392,0.1805970496293422,-0.9999997153096861,1.3938087213844992
narma10,cra_v2_1_online,42,609,test,1.2758123488179842,1.1396208659337588,0.9999999999939138,0.019493986205792176
narma10,cra_v2_1_online,42,610,test,-0.5733257255614985,0.5260380744162717,-0.9999999861029245,2.3287921621531895
narma10,cra_v2_1_online,42,611,test,-0.029758725503547186,0.44888036235398987,0.0485912955568449,0.1602313369973292
narma10,cra_v2_1_online,42,612,test,-1.1875867903140036,0.08700620241452259,0.9999999732130964,0.8335576255169987
narma10,cra_v2_1_online,42,613,test,1.5005357102813,1.6197539155497591,-1.0,6.8631105780382935
narma10,cra_v2_1_online,42,614,test,-1.0264291792987978,0.5689663390269804,-0.9997555459097196,2.460888352279353
narma10,cra_v2_1_online,42,615,test,-0.11213163931999595,0.13558171698069713,0.9098654882918138,0.5995153585157657
narma10,cra_v2_1_online,42,616,test,0.4846272927296938,0.12333474762104954,-0.9999999887869933,1.261880930020927
narma10,cra_v2_1_online,42,617,test,0.040711398565613295,0.04005135361837536,-0.06433309045221135,0.010896112163925446
narma10,cra_v2_1_online,42,618,test,0.7267177524956456,1.4225488715360675,0.9999999998831746,0.17854754893513294
narma10,cra_v2_1_online,42,619,test,-0.018967457393354665,0.5391894588327232,-0.3977748791098892,0.8779021705762379
narma10,cra_v2_1_online,42,620,test,-1.3357048569709342,-0.316887350071232,-0.999971252539322,0.466603617811035
narma10,cra_v2_1_online,42,621,test,-0.4802521206199833,-0.7646119012053265,-0.9998855002704681,0.055353666417064976
narma10,cra_v2_1_online,42,622,test,1.5578708509292107,1.9621384532760382,1.0,0.9257104032724072
narma10,cra_v2_1_online,42,623,test,1.183378739580471,0.8144575562230528,1.0,0.0344259984427216
narma10,cra_v2_1_online,42,624,test,-1.3924711096413833,-0.23568382575937477,-1.0,0.5841792142058259
narma10,cra_v2_1_online,42,625,test,0.1263953302892416,0.2854462394634929,0.9996385725563738,0.5100706886486526
narma10,cra_v2_1_online,42,626,test,-0.41020685797337086,0.01932994029346975,-0.9999999999999893,1.0390335271786668
narma10,cra_v2_1_online,42,627,test,0.16525196774234632,0.5766931171700974,0.9986189213814617,0.1780213842594065
narma10,cra_v2_1_online,42,628,test,1.706530300671433,1.2325997168416025,1.0,0.054102628274793674
narma10,cra_v2_1_online,42,629,test,0.27643818457046915,0.03824446925936883,0.9999999860455753,0.924973674068703
narma10,cra_v2_1_online,42,630,test,-1.0671072481662054,-0.5596635395591695,-1.0,0.1938961983935591
narma10,cra_v2_1_online,42,631,test,1.1197321032905612,1.6889662976767024,1.0,0.47467455933434244
narma10,cra_v2_1_online,42,632,test,-0.6955922223321656,0.9766493101792588,-1.0,3.9071424954321397
narma10,cra_v2_1_online,42,633,test,1.4733182217851137,0.012282522501266678,1.0,0.9755858153564607
narma10,cra_v2_1_online,42,634,test,0.4509898494174729,0.39667075393920853,0.9999999999999994,0.36400617915228234
narma10,cra_v2_1_online,42,635,test,-0.8669483291494073,-0.2664385920675365,-1.0,0.5381123392078582
narma10,cra_v2_1_online,42,636,test,0.30861501155190363,0.2027917087110202,0.9999999999999718,0.6355410596998499
narma10,cra_v2_1_online,42,637,test,-1.6072177257670814,-0.5869058375177348,-1.0,0.1706467870769241
narma10,cra_v2_1_online,42,638,test,-1.609373852926173,-1.0550726220599462,-1.0,0.003032993700557676
narma10,cra_v2_1_online,42,639,test,1.0651555861777289,-0.8369028001220827,1.0,3.3742118970963477
narma10,cra_v2_1_online,42,640,test,-1.4273470406099902,-1.039079858186536,-1.0,0.0015272353158797586
narma10,cra_v2_1_online,42,641,test,1.6709476725330195,-0.3495155300083252,1.0,1.821192165733651
narma10,cra_v2_1_online,42,642,test,0.43926155283617174,0.9729781830617733,0.999999999999998,0.0007301785906429271
narma10,cra_v2_1_online,42,643,test,0.6666562809611553,1.079346194266397,1.0,0.0062958185445608295
narma10,cra_v2_1_online,42,644,test,1.746568030859417,0.4887005549090483,1.0,0.26142712255031514
narma10,cra_v2_1_online,42,645,test,-0.48807930240291125,0.07080098256848445,-1.0,1.146614744269632
narma10,cra_v2_1_online,42,646,test,0.49698744033729775,-0.7962474192294594,1.0,3.2265047910884928
narma10,cra_v2_1_online,42,647,test,0.8745074518504606,-1.2120073346723086,0.9999999999999998,4.89297644864409
narma10,cra_v2_1_online,42,648,test,-0.7216327942123962,-0.6676038762738727,-0.9765886120084841,0.09547156691698763
narma10,cra_v2_1_online,42,649,test,1.6520265509456415,-0.9433580267975861,0.999999999999807,3.7766404203178574
narma10,cra_v2_1_online,42,650,test,-1.127660444536817,-0.7682944731701147,0.9999999964853257,3.126865331414015
narma10,cra_v2_1_online,42,651,test,0.4717259587008089,0.13336982926292987,0.999615839584014,0.7503821503971959
narma10,cra_v2_1_online,42,652,test,-0.19106999286727055,0.24260219843754485,-0.9936893506348378,1.5284167943077915
narma10,cra_v2_1_online,42,653,test,-0.48419429644578954,0.47188640757532524,0.891711975198645,0.1762535072302426
narma10,cra_v2_1_online,42,654,test,1.6734804355328812,0.5360974105686476,-0.9999999999998048,2.3595952547551047
narma10,cra_v2_1_online,42,655,test,-1.566448338844643,-0.5864903511192712,-0.9999999999990524,0.17099022971668
narma10,cra_v2_1_online,42,656,test,0.2678369124935713,0.32430776505902104,0.9993692111466337,0.45570795599389874
narma10,cra_v2_1_online,42,657,test,-0.8168177690618899,-0.5095336462061357,-0.9999999999999977,0.24055724420384575
narma10,cra_v2_1_online,42,658,test,0.050271303340347996,0.6327103437918513,0.8759228015813169,0.05915229962399256
narma10,cra_v2_1_online,42,659,test,-0.3718773832700716,-0.3526422879939038,-0.9999999999557114,0.4190720072364268
narma10,cra_v2_1_online,42,660,test,-1.6476340377561367,-1.0062919587260892,-1.0,3.9588744610810416e-05
narma10,cra_v2_1_online,42,661,test,0.6270300514097241,-0.29552503864533497,1.0,1.6783851257569966
narma10,cra_v2_1_online,42,662,test,1.2585648432858936,0.06797012205169588,1.0,0.8686796933883307
narma10,cra_v2_1_online,42,663,test,-0.8480237291614429,0.02320951062957037,-1.0,1.046957702642805
narma10,cra_v2_1_online,42,664,test,-0.296579216564358,-0.8321518180126618,-0.9996938110512879,0.028070319431355018
narma10,cra_v2_1_online,42,665,test,-1.3662283799521762,-1.112095908444005,-1.0,0.012565492689886744
narma10,cra_v2_1_online,42,666,test,-0.6090052101544439,-1.1611604018553143,-0.9999999999999862,0.02597267512617084
narma10,cra_v2_1_online,42,667,test,-0.48057716272011136,-0.8441705673094922,-0.9999999999999571,0.02428281209263213
narma10,cra_v2_1_online,42,668,test,-0.3388010222114843,-0.8031668302536662,-0.9999999999919045,0.038743296709202124
narma10,cra_v2_1_online,42,669,test,1.0742430095426387,-1.3008774114456383,1.0,5.294036862500781
narma10,cra_v2_1_online,42,670,test,0.19542578064123445,-0.24914154191152627,0.9999396647560406,1.560203860850105
narma10,cra_v2_1_online,42,671,test,-1.7005589786833895,-1.0972908266619155,-0.9999999999996092,0.009465504952634924
narma10,cra_v2_1_online,42,672,test,1.3345717234983392,-0.7075832804211363,1.0,2.9158406595738087
narma10,cra_v2_1_online,42,673,test,-1.1970004352347294,-1.1237207363393806,0.9994425640522524,4.507822400129893
narma10,cra_v2_1_online,42,674,test,-1.3580813744333853,-1.5092396607849041,-1.0,0.25932503211632424
narma10,cra_v2_1_online,42,675,test,-0.012581410305483858,-1.1508184029342268,-0.253170759929308,0.8057712909922861
narma10,cra_v2_1_online,42,676,test,1.0206084805972806,-0.5449708589222543,1.0,2.3869349549189685
narma10,cra_v2_1_online,42,677,test,0.5931588577641415,-0.33433833689422554,0.9999187167224544,1.7802418851258641
narma10,cra_v2_1_online,42,678,test,-0.6821786963782838,-0.3220448144726651,0.9999952093946567,1.7477898247071086
narma10,cra_v2_1_online,42,679,test,0.1222938592840653,-0.12077274687547368,0.7788326474103409,0.8092898654281359
narma10,cra_v2_1_online,42,680,test,0.8871298400987793,-1.0540646476091033,-0.9999999017144403,0.0029229967486544836
narma10,cra_v2_1_online,42,681,test,1.7818214011718623,1.7115733710513692,-1.0,7.352630146594886
narma10,cra_v2_1_online,42,682,test,0.5223319938160007,0.15345463502118567,0.8684640338204779,0.5112384403713254
narma10,cra_v2_1_online,42,683,test,0.6289898222990902,-0.6379982457555015,0.9999566844986592,2.682896353543912
narma10,cra_v2_1_online,42,684,test,0.901922077344166,0.09293918133635942,-0.9999999238796686,1.1945158877104118
narma10,cra_v2_1_online,42,685,test,-0.12242013584956708,0.4319743570137769,-0.7799677758032979,1.4688037332972002
narma10,cra_v2_1_online,42,686,test,-1.4855173921131788,-0.5273683793223978,0.9999999999987927,2.33285416615024
narma10,cra_v2_1_online,42,687,test,1.3366723482213438,-0.19655544531912922,0.9999999997564705,1.4317449331400667
narma10,cra_v2_1_online,42,688,test,1.4651757202803344,0.7726282514564748,-0.9999999999982203,3.14221091785533
narma10,cra_v2_1_online,42,689,test,-1.4811538250354317,-0.31194151764099,-0.999999999979408,0.47342447511784713
narma10,cra_v2_1_online,42,690,test,-0.8097790184921032,-0.07075046674316271,-0.9999999998798201,0.8635046948346959
narma10,cra_v2_1_online,42,691,test,1.3558683998636425,1.1750995072842436,1.0,0.030659837451184883
narma10,cra_v2_1_online,42,692,test,0.5009674960403263,1.267414003186726,0.9999999999940932,0.07151024910350946
narma10,cra_v2_1_online,42,693,test,-1.444103274398658,-0.008080733151526824,-1.0,0.9839038319452126
narma10,cra_v2_1_online,42,694,test,-0.9103798182010179,-0.45482086410017775,-1.0,0.29722029022047686
narma10,cra_v2_1_online,42,695,test,-0.9077399190069578,-1.0177210497621683,-1.0,0.0003140356046732438
narma10,cra_v2_1_online,42,696,test,-1.1296679495769162,-0.8253219001612457,-1.0,0.030512438563277802
narma10,cra_v2_1_online,42,697,test,0.6643598460658857,0.999839589350844,1.0,2.5731576362633584e-08
narma10,cra_v2_1_online,42,698,test,0.8475214455233784,-0.18374738697456106,1.0,1.4012578761691015
narma10,cra_v2_1_online,42,699,test,0.05254558413931822,-0.4810217595265646,0.9809368466726633,2.1373229662399895
narma10,cra_v2_1_online,42,700,test,1.6379789283800754,1.9871464942314367,1.0,0.974458201073416
narma10,cra_v2_1_online,42,701,test,0.9214384147437693,1.9016616548354985,1.0,0.8129937398006897
narma10,cra_v2_1_online,42,702,test,0.7944142903899363,0.32776860328650115,1.0,0.45189505072738145
narma10,cra_v2_1_online,42,703,test,1.4359026736174219,0.0848150562685485,1.0,0.8375634812327402
narma10,cra_v2_1_online,42,704,test,1.3920332470171521,-0.04154891925146627,1.0,1.0848241511938972
narma10,cra_v2_1_online,42,705,test,-1.4307387552370237,-0.8083596604262834,-1.0,0.03672601975192942
narma10,cra_v2_1_online,42,706,test,1.1792019739026092,0.8408038971841391,1.0,0.025343399151758168
narma10,cra_v2_1_online,42,707,test,0.31263349175775684,1.1892643804996916,0.9999999999975737,0.03582100572685047
narma10,cra_v2_1_online,42,708,test,1.705465813535777,1.6262930936158226,1.0,0.3922430391108776
narma10,cra_v2_1_online,42,709,test,0.4365355188962386,2.245603509061,1.0,1.5515281017850768
narma10,cra_v2_1_online,42,710,test,1.7546683981210813,3.2251720737901413,1.0,4.951390757975518
narma10,cra_v2_1_online,42,711,test,-1.6914203305305897,1.0538428513956193,-1.0,4.218270458228888
narma10,cra_v2_1_online,42,712,test,0.14415224182813274,1.6164464865288883,0.999998768828332,0.3800077886582247
narma10,cra_v2_1_online,42,713,test,-0.8963139205685816,0.9534542392132574,-1.0,3.8159834647002464
narma10,cra_v2_1_online,42,714,test,1.7424978711684236,0.1499189900596645,1.0,0.7226377234611808
narma10,cra_v2_1_online,42,715,test,1.529087516803935,2.241674920020859,1.0,1.5417566070088071
narma10,cra_v2_1_online,42,716,test,-0.8843419116266852,1.1487520298109277,-1.0,4.617135285616583
narma10,cra_v2_1_online,42,717,test,-0.47594578782601543,1.3175365603245934,-0.9999999999997842,5.370975708440148
narma10,cra_v2_1_online,42,718,test,-0.9477681850432919,0.6346624026767043,-0.9999999999789773,2.6721211706560455
narma10,cra_v2_1_online,42,719,test,-1.7144492143250132,-0.2596270559837531,0.9999997834663698,1.5866597746631057
